[gd_scene load_steps=5 format=2]

[sub_resource type="CapsuleMesh" id=1]
radius = 0.1
mid_height = 0.1
radial_segments = 32

[sub_resource type="SpatialMaterial" id=2]
albedo_color = Color( 0.572549, 0.466667, 0.219608, 1 )

[sub_resource type="CylinderMesh" id=3]
top_radius = 0.001
bottom_radius = 0.02
height = 0.2

[sub_resource type="SpatialMaterial" id=4]
albedo_color = Color( 0.203922, 0.470588, 0.152941, 1 )

[node name="mesh_potato_temp" type="Spatial"]

[node name="main" type="MeshInstance" parent="."]
transform = Transform( 1, 0, 0, 0, -4.37114e-008, 1, 0, -1, -4.37114e-008, 0, -0.1, 0 )
mesh = SubResource( 1 )
material/0 = SubResource( 2 )

[node name="leaf" type="MeshInstance" parent="main"]
transform = Transform( 1, 0, 0, 0, -0.226108, -0.974102, 0, 0.974102, -0.226108, 0, -0.0650716, 0.238764 )
mesh = SubResource( 3 )
material/0 = SubResource( 4 )

[node name="leaf_2" type="MeshInstance" parent="main"]
transform = Transform( -0.0159243, 0.226079, 0.973979, 0.999873, 0.00360057, 0.0155119, 4.37058e-008, 0.974102, -0.226108, 0.0699834, -0.00203754, 0.238764 )
mesh = SubResource( 3 )
material/0 = SubResource( 4 )

[node name="leaf_3" type="MeshInstance" parent="main"]
transform = Transform( -0.999999, -0.000252122, -0.00108617, -0.00111505, 0.226108, 0.974102, -4.87404e-011, 0.974102, -0.226108, -0.00722285, 0.0287865, 0.238764 )
mesh = SubResource( 3 )
material/0 = SubResource( 4 )
