[gd_scene load_steps=5 format=2]

[sub_resource type="SpatialMaterial" id=1]
albedo_color = Color( 0.239216, 0.556863, 0.172549, 1 )

[sub_resource type="CubeMesh" id=2]
size = Vector3( 0.1, 0.1, 0.4 )

[sub_resource type="CylinderMesh" id=3]
top_radius = 0.01
bottom_radius = 0.04
height = 0.5

[sub_resource type="SpatialMaterial" id=4]
albedo_color = Color( 0.203922, 0.470588, 0.152941, 1 )

[node name="model_celery_temp" type="Spatial"]

[node name="main" type="MeshInstance" parent="."]
transform = Transform( 1, 0, 0, 0, -4.37114e-008, 1, 0, -1, -4.37114e-008, 0, -0.1, 0 )
material_override = SubResource( 1 )
mesh = SubResource( 2 )
material/0 = null

[node name="leaf" type="MeshInstance" parent="main"]
transform = Transform( 1, 0, 0, 0, -0.226108, -0.974102, 0, 0.974102, -0.226108, 0, -0.0650716, 0.391467 )
mesh = SubResource( 3 )
material/0 = SubResource( 4 )

[node name="leaf_2" type="MeshInstance" parent="main"]
transform = Transform( -0.0159243, 0.226079, 0.973979, 0.999873, 0.00360057, 0.0155119, 4.37058e-008, 0.974102, -0.226108, 0.0699834, -0.00203755, 0.391467 )
mesh = SubResource( 3 )
material/0 = SubResource( 4 )

[node name="leaf_3" type="MeshInstance" parent="main"]
transform = Transform( -0.999999, -0.000252122, -0.00108617, -0.00111505, 0.226108, 0.974102, -4.87404e-011, 0.974102, -0.226108, -0.00722285, 0.0287865, 0.391467 )
mesh = SubResource( 3 )
material/0 = SubResource( 4 )
