[gd_scene load_steps=5 format=2]

[sub_resource type="CylinderMesh" id=1]
top_radius = 0.1
bottom_radius = 0.001
height = 0.5

[sub_resource type="SpatialMaterial" id=2]
albedo_color = Color( 0.752941, 0.556863, 0.121569, 1 )

[sub_resource type="CylinderMesh" id=3]
top_radius = 0.001
bottom_radius = 0.02
height = 0.4

[sub_resource type="SpatialMaterial" id=4]
albedo_color = Color( 0.25098, 0.603922, 0.145098, 1 )

[node name="mesh_carrot_temp" type="Spatial"]

[node name="main" type="MeshInstance" parent="."]
transform = Transform( 1, 0, 0, 0, 1, 0, 0, 0, 1, 0, -0.09, 0 )
mesh = SubResource( 1 )
material/0 = SubResource( 2 )

[node name="leaf" type="MeshInstance" parent="main"]
transform = Transform( 1, 0, 0, 0, 0.998923, -0.0463915, 0, 0.0463915, 0.998923, 0.00643051, 0.43, 0.0138046 )
mesh = SubResource( 3 )
material/0 = SubResource( 4 )

[node name="leaf_2" type="MeshInstance" parent="main"]
transform = Transform( -0.527709, 0.0394061, 0.848511, 0, 0.998923, -0.0463915, -0.849425, -0.0244812, -0.527141, 0.00643051, 0.43, -0.00989315 )
mesh = SubResource( 3 )
material/0 = SubResource( 4 )

[node name="leaf_3" type="MeshInstance" parent="main"]
transform = Transform( -0.250112, -0.0449171, -0.967175, 0, 0.998923, -0.0463915, 0.968217, -0.0116031, -0.249842, -0.00873515, 0.43, -0.00556713 )
mesh = SubResource( 3 )
material/0 = SubResource( 4 )
